2 0.6438601321585903 0.5142045454545454 0.03386563876651982 0.021077712609970673
1 0.6723568281938326 0.5334494134897361 0.010462555066079295 0.005681818181818182
1 0.7296255506607929 0.5735887096774194 0.01486784140969163 0.006048387096774193
1 0.7888215859030837 0.59375 0.006607929515418502 0.008247800586510264
1 0.8324614537444934 0.5206195014662757 0.006332599118942731 0.008614369501466275
2 0.7634911894273128 0.5420637829912024 0.039647577092511016 0.011913489736070381
1 0.8524229074889867 0.44904692082111436 0.00881057268722467 0.006964809384164223
1 0.860545154185022 0.43255131964809385 0.00908590308370044 0.005131964809384164
2 0.8281938325991189 0.4278775659824047 0.036894273127753306 0.01997800586510264
2 0.8046530837004405 0.44886363636363635 0.04047356828193833 0.012829912023460411
