2 0.3864552785923754 0.5737885462555066 0.019244868035190616 0.03248898678414097
2 0.3633614369501466 0.6762114537444934 0.012646627565982404 0.03634361233480176
1 0.37417521994134895 0.619080396475771 0.005681818181818182 0.0052312775330396475
1 0.3581378299120235 0.6269273127753304 0.0076979472140762464 0.013766519823788546
1 0.3235887096774194 0.7111784140969163 0.006048387096774193 0.007709251101321586
1 0.4045087976539589 0.7577092511013216 0.006598240469208211 0.008259911894273128
1 0.4498717008797654 0.7687224669603524 0.004948680351906158 0.009911894273127754
1 0.46050219941348974 0.7526156387665198 0.00531524926686217 0.011288546255506607
2 0.4520711143695015 0.7209526431718062 0.013013196480938417 0.03661894273127753
2 0.46939149560117305 0.7343061674008811 0.020161290322580645 0.03248898678414097
