2 0.374816715542522 0.38119493392070486 0.020161290322580645 0.03166299559471366
1 0.3606121700879765 0.4264867841409692 0.0034824046920821114 0.004405286343612335
1 0.3454912023460411 0.42662444933920707 0.005498533724340176 0.009636563876651983
1 0.3041605571847507 0.5128028634361234 0.006414956011730206 0.009636563876651983
1 0.38343108504398826 0.5717235682819384 0.006598240469208211 0.010187224669603524
1 0.42668621700879766 0.5848017621145375 0.006231671554252199 0.010462555066079295
1 0.43850806451612906 0.5649779735682819 0.004215542521994135 0.013766519823788546
2 0.44886363636363635 0.5502477973568282 0.018328445747800588 0.03386563876651982
2 0.4319098240469208 0.5357929515418502 0.01154692082111437 0.037995594713656385
2 0.3458577712609971 0.480726872246696 0.010997067448680353 0.036894273127753306
