1 0.5514322916666666 0.33912037037037035 0.00859375 0.009722222222222222
1 0.6147135416666667 0.36712962962962964 0.00546875 0.010185185185185186
1 0.619140625 0.3800925925925926 0.009114583333333334 0.013888888888888888
1 0.6419270833333334 0.362962962962963 0.008333333333333333 0.010185185185185186
2 0.575 0.22893518518518519 0.065625 0.04583333333333333
2 0.9059895833333333 0.42476851851851855 0.0484375 0.06342592592592593
5 0.9143229166666667 0.8863425925925926 0.057291666666666664 0.15601851851851853
1 0.6494791666666667 0.34097222222222223 0.0067708333333333336 0.0125
1 0.6782552083333333 0.3456018518518518 0.006510416666666667 0.009722222222222222
1 0.8239583333333333 0.41875 0.008333333333333333 0.014351851851851852
1 0.6834635416666667 0.37824074074074077 0.008072916666666667 0.012037037037037037
1 0.7098958333333333 0.36944444444444446 0.009895833333333333 0.013888888888888888
