1 0.5170572916666667 0.4284722222222222 0.01328125 0.013425925925925926
1 0.5936197916666667 0.4738425925925926 0.01171875 0.014351851851851852
1 0.5966145833333333 0.49375 0.013541666666666667 0.014351851851851852
1 0.6268229166666667 0.4703703703703704 0.00625 0.010185185185185186
2 0.5532552083333333 0.2761574074074074 0.07630208333333334 0.052314814814814814
2 0.9673177083333333 0.58125 0.06328125 0.09768518518518518
1 0.6333333333333333 0.44166666666666665 0.008333333333333333 0.01574074074074074
1 0.6709635416666667 0.44722222222222224 0.00703125 0.011111111111111112
1 0.859375 0.569675925925926 0.018229166666666668 0.020833333333333332
1 0.6770833333333334 0.49375 0.0171875 0.01712962962962963
1 0.709765625 0.4824074074074074 0.01796875 0.017592592592592594
