1 0.54765625 0.3729166666666667 0.0109375 0.011574074074074073
1 0.6165364583333334 0.4046296296296296 0.00546875 0.010185185185185186
1 0.6208333333333333 0.4219907407407407 0.009895833333333333 0.015277777777777777
1 0.6463541666666667 0.40069444444444446 0.00625 0.010648148148148148
2 0.57265625 0.24837962962962962 0.07083333333333333 0.047685185185185185
2 0.9376302083333333 0.48148148148148145 0.05390625 0.07407407407407407
1 0.6524739583333333 0.37754629629629627 0.007552083333333333 0.0125
1 0.6837239583333333 0.3814814814814815 0.00703125 0.012037037037037037
1 0.8454427083333333 0.47129629629629627 0.008072916666666667 0.013888888888888888
1 0.6899739583333333 0.41967592592592595 0.006510416666666667 0.0125
1 0.7188802083333333 0.4099537037037037 0.01328125 0.015277777777777777
