1 0.483984375 0.45787037037037037 0.01328125 0.014814814814814815
1 0.5625 0.5087962962962963 0.0125 0.01574074074074074
1 0.6018229166666667 0.5011574074074074 0.011458333333333333 0.011574074074074073
2 0.5266927083333334 0.28217592592592594 0.07838541666666667 0.05416666666666667
2 0.9595052083333333 0.6166666666666667 0.06848958333333334 0.12129629629629629
1 0.6106770833333334 0.46458333333333335 0.008854166666666666 0.015277777777777777
1 0.6493489583333333 0.46458333333333335 0.00859375 0.014351851851851852
1 0.8428385416666667 0.5944444444444444 0.023697916666666666 0.03518518518518519
1 0.6473958333333333 0.525 0.011458333333333333 0.016666666666666666
1 0.5596354166666667 0.5319444444444444 0.010416666666666666 0.017592592592592594
1 0.6884114583333333 0.5074074074074074 0.01484375 0.017592592592592594
