1 0.5 0.4576388888888889 0.011979166666666667 0.014351851851851852
1 0.580859375 0.5094907407407407 0.012239583333333333 0.015277777777777777
1 0.5798177083333333 0.5324074074074074 0.010677083333333334 0.01574074074074074
1 0.6208333333333333 0.5053240740740741 0.007291666666666667 0.013425925925925926
2 0.5401041666666667 0.2831018518518518 0.0796875 0.05324074074074074
2 0.9772135416666666 0.6189814814814815 0.045572916666666664 0.1175925925925926
1 0.6279947916666667 0.46574074074074073 0.008072916666666667 0.017592592592592594
1 0.6673177083333334 0.46805555555555556 0.00859375 0.014814814814814815
1 0.8671875 0.5995370370370371 0.014583333333333334 0.037037037037037035
1 0.6669270833333333 0.5275462962962963 0.008333333333333333 0.015277777777777777
1 0.7091145833333333 0.5087962962962963 0.016145833333333335 0.016666666666666666
