1 0.503125 0.4550925925925926 0.013020833333333334 0.013888888888888888
1 0.5830729166666667 0.5069444444444444 0.011979166666666667 0.013888888888888888
1 0.5825520833333333 0.5300925925925926 0.011458333333333333 0.01574074074074074
1 0.6216145833333333 0.5030092592592592 0.00625 0.009722222222222222
2 0.5446614583333333 0.2824074074074074 0.07942708333333333 0.05277777777777778
2 0.9776041666666667 0.6203703703703703 0.04479166666666667 0.11574074074074074
1 0.629296875 0.4671296296296296 0.00859375 0.014814814814814815
1 0.66875 0.4689814814814815 0.009895833333333333 0.01574074074074074
1 0.8696614583333333 0.6020833333333333 0.01640625 0.03935185185185185
1 0.6694010416666667 0.5291666666666667 0.00859375 0.014814814814814815
1 0.711328125 0.5115740740740741 0.016927083333333332 0.017592592592592594
