1 0.5466145833333333 0.31319444444444444 0.0078125 0.010648148148148148
1 0.60546875 0.337037037037037 0.004166666666666667 0.009259259259259259
1 0.6104166666666667 0.34791666666666665 0.007291666666666667 0.011574074074074073
1 0.6315104166666666 0.33310185185185187 0.0067708333333333336 0.009722222222222222
2 0.5735677083333334 0.21180555555555555 0.06484375 0.04398148148148148
2 0.868359375 0.3800925925925926 0.04609375 0.05740740740740741
5 0.8490885416666667 0.7252314814814815 0.04609375 0.12731481481481483
1 0.63828125 0.31527777777777777 0.0067708333333333336 0.011111111111111112
1 0.6657552083333333 0.31666666666666665 0.00703125 0.011111111111111112
1 0.7944010416666667 0.37800925925925927 0.008072916666666667 0.0125
1 0.6682291666666667 0.3451388888888889 0.0067708333333333336 0.0125
1 0.6930989583333333 0.33611111111111114 0.006510416666666667 0.012962962962962963
