1 0.5326822916666667 0.4039351851851852 0.01171875 0.013425925925925926
1 0.6065104166666667 0.44305555555555554 0.009895833333333333 0.014814814814814815
1 0.6108072916666667 0.4618055555555556 0.01015625 0.014351851851851852
1 0.6365885416666667 0.44027777777777777 0.005989583333333334 0.012037037037037037
2 0.5635416666666667 0.26481481481481484 0.07447916666666667 0.05
2 0.9545572916666667 0.5363425925925925 0.05755208333333333 0.08657407407407407
1 0.6427083333333333 0.4125 0.008333333333333333 0.012962962962962963
1 0.6772135416666667 0.418287037037037 0.008072916666666667 0.013425925925925926
1 0.8510416666666667 0.5226851851851851 0.008854166666666666 0.01574074074074074
1 0.6860677083333333 0.46087962962962964 0.015885416666666666 0.016203703703703703
1 0.714453125 0.4497685185185185 0.015885416666666666 0.015277777777777777
