1 0.5069010416666667 0.44537037037037036 0.01328125 0.013888888888888888
1 0.5860677083333333 0.49560185185185185 0.012239583333333333 0.013425925925925926
1 0.586328125 0.5150462962962963 0.01171875 0.01712962962962963
1 0.6221354166666667 0.4912037037037037 0.005729166666666666 0.009259259259259259
2 0.5475260416666666 0.28194444444444444 0.07838541666666667 0.053703703703703705
2 0.973828125 0.6099537037037037 0.05234375 0.10972222222222222
1 0.6294270833333333 0.4601851851851852 0.008333333333333333 0.014814814814814815
1 0.6680989583333333 0.46273148148148147 0.008072916666666667 0.0125
1 0.8649739583333333 0.5902777777777778 0.018489583333333334 0.037037037037037035
1 0.6696614583333333 0.51875 0.009635416666666667 0.016203703703703703
1 0.7098958333333333 0.5023148148148148 0.017708333333333333 0.018518518518518517
