1 0.289453125 0.47453703703703703 0.014322916666666666 0.012962962962962963
1 0.349609375 0.5291666666666667 0.01640625 0.018518518518518517
1 0.3358072916666667 0.5581018518518519 0.009635416666666667 0.018055555555555554
1 0.38776041666666666 0.5277777777777778 0.011458333333333333 0.012962962962962963
2 0.38450520833333335 0.2886574074074074 0.07421875 0.05787037037037037
2 0.6989583333333333 0.7011574074074074 0.07760416666666667 0.13935185185185187
1 0.40963541666666664 0.4900462962962963 0.0140625 0.013425925925925926
1 0.44388020833333336 0.4951388888888889 0.009635416666666667 0.013425925925925926
1 0.595703125 0.6641203703703704 0.021614583333333333 0.027314814814814816
1 0.42096354166666666 0.5555555555555556 0.009114583333333334 0.017592592592592594
1 0.47734375 0.5481481481481482 0.016666666666666666 0.023148148148148147
