1 0.364453125 0.45578703703703705 0.012760416666666666 0.013425925925925926
2 0.43723958333333335 0.28171296296296294 0.075 0.05416666666666667
2 0.7725260416666667 0.6314814814814815 0.06692708333333333 0.11944444444444445
1 0.4859375 0.4618055555555556 0.0140625 0.014351851851851852
1 0.5216145833333333 0.4599537037037037 0.0078125 0.013425925925925926
1 0.5057291666666667 0.5201388888888889 0.011979166666666667 0.015277777777777777
1 0.4225260416666667 0.531712962962963 0.009635416666666667 0.01712962962962963
1 0.46796875 0.5034722222222222 0.0109375 0.01898148148148148
1 0.42994791666666665 0.5076388888888889 0.0125 0.018055555555555554
1 0.6736979166666667 0.6043981481481482 0.016145833333333335 0.02824074074074074
1 0.553125 0.500462962962963 0.013020833333333334 0.014814814814814815
