1 0.2740885416666667 0.5118055555555555 0.020572916666666666 0.016203703703703703
1 0.340625 0.5780092592592593 0.018229166666666668 0.018055555555555554
1 0.3235677083333333 0.6081018518518518 0.01015625 0.018055555555555554
1 0.381640625 0.575925925925926 0.01171875 0.012962962962962963
2 0.3776041666666667 0.29976851851851855 0.07604166666666666 0.0587962962962963
2 0.7204427083333333 0.7594907407407407 0.08046875 0.16157407407407406
1 0.40677083333333336 0.5293981481481481 0.013541666666666667 0.01712962962962963
1 0.4498697916666667 0.5319444444444444 0.02109375 0.014814814814814815
1 0.6095052083333333 0.7150462962962963 0.023697916666666666 0.02546296296296296
1 0.4192708333333333 0.6025462962962963 0.008333333333333333 0.01712962962962963
