1 0.328515625 0.4703703703703704 0.012760416666666666 0.013888888888888888
2 0.4140625 0.2863425925925926 0.075 0.055092592592592596
2 0.7322916666666667 0.6694444444444444 0.07239583333333334 0.1259259259259259
1 0.45 0.47638888888888886 0.015625 0.013888888888888888
1 0.4845052083333333 0.4761574074074074 0.00859375 0.013425925925925926
1 0.4671875 0.5398148148148149 0.0140625 0.019444444444444445
1 0.38203125 0.5518518518518518 0.010416666666666666 0.018518518518518517
1 0.43059895833333334 0.5194444444444445 0.010677083333333334 0.016666666666666666
1 0.392578125 0.5261574074074075 0.014322916666666666 0.01898148148148148
1 0.6302083333333334 0.6363425925925926 0.0125 0.033796296296296297
1 0.5139322916666667 0.5222222222222223 0.015885416666666666 0.017592592592592594
