1 0.4513020833333333 0.45694444444444443 0.0140625 0.012962962962962963
2 0.5009114583333333 0.28217592592592594 0.07682291666666667 0.055092592592592596
2 0.9041666666666667 0.6122685185185185 0.0671875 0.11898148148148148
1 0.5759114583333333 0.4625 0.009114583333333334 0.014814814814814815
1 0.613671875 0.4613425925925926 0.008072916666666667 0.014351851851851852
1 0.7938802083333333 0.5951388888888889 0.022135416666666668 0.01990740740740741
1 0.6091145833333333 0.5219907407407407 0.014583333333333334 0.016203703703703703
1 0.522265625 0.5291666666666667 0.01015625 0.016666666666666666
1 0.5639322916666667 0.5011574074074074 0.013802083333333333 0.02175925925925926
1 0.52578125 0.5055555555555555 0.011458333333333333 0.017592592592592594
1 0.6506510416666667 0.5032407407407408 0.017447916666666667 0.018518518518518517
