1 0.2727864583333333 0.5233796296296296 0.017447916666666667 0.013425925925925926
1 0.340625 0.5930555555555556 0.0203125 0.018518518518518517
1 0.3229166666666667 0.625 0.0125 0.017592592592592594
1 0.38450520833333335 0.5900462962962963 0.01171875 0.013425925925925926
2 0.37669270833333335 0.3020833333333333 0.07630208333333334 0.0587962962962963
2 0.7287760416666667 0.7773148148148148 0.08098958333333334 0.1712962962962963
1 0.41041666666666665 0.5405092592592593 0.013541666666666667 0.016203703703703703
1 0.45338541666666665 0.5409722222222222 0.020833333333333332 0.020833333333333332
1 0.6154947916666667 0.7333333333333333 0.029947916666666668 0.03148148148148148
1 0.4217447916666667 0.6152777777777778 0.007552083333333333 0.01574074074074074
