1 0.282421875 0.4909722222222222 0.01484375 0.015277777777777777
1 0.34401041666666665 0.5523148148148148 0.018229166666666668 0.018518518518518517
1 0.32955729166666664 0.5789351851851852 0.009635416666666667 0.01712962962962963
1 0.383984375 0.5511574074074074 0.012239583333333333 0.014351851851851852
2 0.3809895833333333 0.2949074074074074 0.075 0.058333333333333334
2 0.708984375 0.7287037037037037 0.08046875 0.14907407407407408
1 0.40716145833333334 0.5090277777777777 0.013802083333333333 0.015277777777777777
1 0.4485677083333333 0.5138888888888888 0.021614583333333333 0.012962962962962963
1 0.5994791666666667 0.6858796296296297 0.016145833333333335 0.022685185185185187
1 0.41875 0.5770833333333333 0.008333333333333333 0.018055555555555554
