1 0.406640625 0.4534722222222222 0.01328125 0.014351851851851852
2 0.46848958333333335 0.28055555555555556 0.07552083333333333 0.053703703703703705
2 0.8322916666666667 0.6122685185185185 0.06614583333333333 0.11712962962962963
1 0.5299479166666666 0.45810185185185187 0.0125 0.0125
1 0.5658854166666667 0.45787037037037037 0.0078125 0.013888888888888888
1 0.728125 0.5912037037037037 0.022395833333333334 0.022222222222222223
1 0.5552083333333333 0.5166666666666667 0.013020833333333334 0.01574074074074074
1 0.4713541666666667 0.5247685185185185 0.0109375 0.018055555555555554
1 0.513671875 0.49699074074074073 0.013802083333333333 0.02175925925925926
1 0.4764322916666667 0.5011574074074074 0.01171875 0.01712962962962963
1 0.6014322916666667 0.49745370370370373 0.015885416666666666 0.016203703703703703
