1 0.29453125 0.4756944444444444 0.014583333333333334 0.0125
1 0.35572916666666665 0.5303240740740741 0.0140625 0.01712962962962963
1 0.3419270833333333 0.5601851851851852 0.008854166666666666 0.020370370370370372
1 0.391796875 0.5266203703703703 0.01171875 0.014351851851851852
2 0.38841145833333335 0.2912037037037037 0.07473958333333333 0.05740740740740741
2 0.6986979166666667 0.7006944444444444 0.07760416666666667 0.13935185185185187
1 0.41302083333333334 0.4875 0.014583333333333334 0.012962962962962963
1 0.44765625 0.49212962962962964 0.009375 0.013888888888888888
1 0.596875 0.6604166666666667 0.020833333333333332 0.027314814814814816
1 0.425 0.5550925925925926 0.009375 0.016666666666666666
1 0.48046875 0.5421296296296296 0.015104166666666667 0.017592592592592594
