1 0.304296875 0.4759259259259259 0.01640625 0.014814814814814815
2 0.3953125 0.2912037037037037 0.075 0.05648148148148148
2 0.70703125 0.6921296296296297 0.0765625 0.13703703703703704
1 0.4244791666666667 0.4844907407407407 0.015104166666666667 0.0125
1 0.45924479166666665 0.48564814814814816 0.009114583333333334 0.012962962962962963
1 0.44049479166666666 0.5504629629629629 0.017447916666666667 0.020370370370370372
1 0.3548177083333333 0.5585648148148148 0.010677083333333334 0.018055555555555554
1 0.4049479166666667 0.5254629629629629 0.013020833333333334 0.017592592592592594
1 0.36809895833333334 0.531712962962963 0.01484375 0.01898148148148148
1 0.6045572916666667 0.6537037037037037 0.018489583333333334 0.03611111111111111
1 0.48880208333333336 0.5375 0.019270833333333334 0.022222222222222223
