1 0.27447916666666666 0.5268518518518519 0.017708333333333333 0.01574074074074074
1 0.34466145833333334 0.5928240740740741 0.01953125 0.018055555555555554
1 0.32734375 0.6236111111111111 0.013541666666666667 0.019444444444444445
1 0.3880208333333333 0.5891203703703703 0.013541666666666667 0.014351851851851852
2 0.37526041666666665 0.29953703703703705 0.07552083333333333 0.05925925925925926
2 0.7326822916666667 0.7754629629629629 0.07994791666666666 0.17222222222222222
1 0.41458333333333336 0.5377314814814815 0.013020833333333334 0.01712962962962963
1 0.45807291666666666 0.5375 0.021354166666666667 0.021296296296296296
1 0.6141927083333333 0.7298611111111111 0.03203125 0.03287037037037037
1 0.42682291666666666 0.6122685185185185 0.008333333333333333 0.015277777777777777
