1 0.33059895833333336 0.40717592592592594 0.020572916666666666 0.01712962962962963
1 0.39401041666666664 0.4689814814814815 0.01875 0.018518518518518517
1 0.3846354166666667 0.493287037037037 0.01875 0.01898148148148148
1 0.4259114583333333 0.47453703703703703 0.011197916666666667 0.014814814814814815
2 0.4498697916666667 0.20023148148148148 0.06484375 0.05787037037037037
2 0.7329427083333333 0.6881944444444444 0.08671875 0.16435185185185186
1 0.4609375 0.42569444444444443 0.013541666666666667 0.01712962962962963
1 0.49505208333333334 0.4372685185185185 0.010416666666666666 0.014351851851851852
1 0.6115885416666667 0.63125 0.026302083333333334 0.024537037037037038
1 0.471875 0.49212962962962964 0.0171875 0.019444444444444445
