1 0.27825520833333334 0.47430555555555554 0.019010416666666665 0.01898148148148148
1 0.3497395833333333 0.5342592592592592 0.016666666666666666 0.019444444444444445
1 0.333203125 0.5641203703703703 0.012760416666666666 0.020833333333333332
1 0.39088541666666665 0.5300925925925926 0.011458333333333333 0.01574074074074074
2 0.3731770833333333 0.2465277777777778 0.075 0.059722222222222225
2 0.7313802083333333 0.7104166666666667 0.07734375 0.16620370370370371
1 0.417578125 0.480787037037037 0.012760416666666666 0.01990740740740741
1 0.4608072916666667 0.4789351851851852 0.02421875 0.018055555555555554
1 0.6111979166666667 0.6671296296296296 0.03333333333333333 0.030555555555555555
1 0.43216145833333336 0.5525462962962963 0.009114583333333334 0.018055555555555554
