1 0.3341145833333333 0.4050925925925926 0.013020833333333334 0.013888888888888888
1 0.39283854166666665 0.46273148148148147 0.016927083333333332 0.018055555555555554
1 0.383203125 0.48657407407407405 0.018489583333333334 0.019444444444444445
1 0.4239583333333333 0.4701388888888889 0.015104166666666667 0.01990740740740741
2 0.445703125 0.20810185185185184 0.06692708333333333 0.05694444444444444
2 0.7303385416666667 0.6856481481481481 0.08619791666666667 0.16296296296296298
1 0.4578125 0.42060185185185184 0.013541666666666667 0.016203703703703703
1 0.49140625 0.43125 0.0109375 0.016203703703703703
1 0.6123697916666667 0.6240740740740741 0.02578125 0.022222222222222223
1 0.4694010416666667 0.49074074074074076 0.01484375 0.019444444444444445
