1 0.363671875 0.4212962962962963 0.012760416666666666 0.01574074074074074
1 0.43046875 0.480787037037037 0.015625 0.01898148148148148
1 0.41692708333333334 0.5087962962962963 0.0109375 0.019444444444444445
1 0.467578125 0.4787037037037037 0.012760416666666666 0.012037037037037037
2 0.456640625 0.2150462962962963 0.07057291666666667 0.059722222222222225
2 0.7904947916666667 0.6965277777777777 0.08098958333333334 0.16620370370370371
1 0.4940104166666667 0.42916666666666664 0.013541666666666667 0.01574074074074074
1 0.5279947916666666 0.4372685185185185 0.009635416666666667 0.014351851851851852
1 0.6734375 0.6363425925925926 0.027604166666666666 0.02638888888888889
1 0.5084635416666666 0.5 0.014322916666666666 0.017592592592592594
