1 0.32330729166666666 0.43148148148148147 0.015364583333333333 0.013888888888888888
1 0.39375 0.4909722222222222 0.015104166666666667 0.01898148148148148
1 0.3802083333333333 0.5192129629629629 0.013020833333333334 0.01990740740740741
1 0.4328125 0.48726851851851855 0.015104166666666667 0.014351851851851852
2 0.41158854166666664 0.2162037037037037 0.07265625 0.06018518518518518
2 0.7662760416666666 0.6856481481481481 0.07942708333333333 0.1648148148148148
1 0.45859375 0.4354166666666667 0.013541666666666667 0.015277777777777777
1 0.498828125 0.4377314814814815 0.018489583333333334 0.016203703703703703
1 0.6466145833333333 0.6307870370370371 0.022916666666666665 0.022685185185185187
1 0.4747395833333333 0.5076388888888889 0.009895833333333333 0.016203703703703703
