1 0.32721354166666666 0.4115740740740741 0.01796875 0.014814814814814815
1 0.3873697916666667 0.46782407407407406 0.015885416666666666 0.018055555555555554
1 0.37252604166666664 0.49212962962962964 0.009635416666666667 0.018518518518518517
1 0.41953125 0.47199074074074077 0.011979166666666667 0.02175925925925926
2 0.43333333333333335 0.2127314814814815 0.06822916666666666 0.05787037037037037
2 0.7264322916666667 0.6872685185185186 0.08411458333333334 0.16064814814814815
1 0.451953125 0.4238425925925926 0.013802083333333333 0.016203703703703703
1 0.48463541666666665 0.43310185185185185 0.009895833333333333 0.01712962962962963
1 0.606640625 0.6287037037037037 0.032552083333333336 0.025
1 0.46171875 0.49236111111111114 0.015625 0.01990740740740741
