1 0.33828125 0.41712962962962963 0.017708333333333333 0.016666666666666666
1 0.4024739583333333 0.47337962962962965 0.015885416666666666 0.01898148148148148
1 0.388671875 0.49930555555555556 0.009635416666666667 0.01898148148148148
1 0.43802083333333336 0.4722222222222222 0.011458333333333333 0.012037037037037037
2 0.4401041666666667 0.2152777777777778 0.06927083333333334 0.05925925925925926
2 0.74765625 0.6921296296296297 0.084375 0.16111111111111112
1 0.4654947916666667 0.42615740740740743 0.013802083333333333 0.016203703703703703
1 0.4993489583333333 0.4356481481481482 0.009114583333333334 0.01574074074074074
1 0.628515625 0.6349537037037037 0.03515625 0.024537037037037038
1 0.47552083333333334 0.49444444444444446 0.015625 0.018518518518518517
