1 0.2794270833333333 0.4446759259259259 0.019270833333333334 0.01712962962962963
1 0.35325520833333335 0.5020833333333333 0.01640625 0.020833333333333332
1 0.3380208333333333 0.5349537037037037 0.0125 0.01898148148148148
1 0.39296875 0.49745370370370373 0.013541666666666667 0.015277777777777777
2 0.37161458333333336 0.2175925925925926 0.07447916666666667 0.06018518518518518
2 0.7290364583333333 0.680324074074074 0.07578125 0.16342592592592592
1 0.419921875 0.4449074074074074 0.01328125 0.018518518518518517
1 0.46263020833333335 0.4479166666666667 0.022135416666666668 0.016203703703703703
1 0.6145833333333334 0.6349537037037037 0.0265625 0.024537037037037038
1 0.4354166666666667 0.5189814814814815 0.0078125 0.017592592592592594
