1 0.3346354166666667 0.40717592592592594 0.016145833333333335 0.01712962962962963
1 0.3951822916666667 0.46828703703703706 0.018489583333333334 0.01990740740740741
1 0.3846354166666667 0.49189814814814814 0.017708333333333333 0.018055555555555554
1 0.4276041666666667 0.47708333333333336 0.011979166666666667 0.01990740740740741
2 0.45143229166666665 0.20601851851851852 0.06536458333333334 0.058333333333333334
2 0.733203125 0.6916666666666667 0.08723958333333333 0.1648148148148148
1 0.4610677083333333 0.42430555555555555 0.01328125 0.016203703703703703
1 0.4959635416666667 0.4372685185185185 0.01015625 0.014351851851851852
1 0.61484375 0.6296296296296297 0.026041666666666668 0.023148148148148147
1 0.4725260416666667 0.4935185185185185 0.015885416666666666 0.018518518518518517
