1 0.33294270833333334 0.41226851851851853 0.017447916666666667 0.015277777777777777
1 0.39986979166666664 0.46412037037037035 0.015885416666666666 0.014351851851851852
1 0.3893229166666667 0.48842592592592593 0.017708333333333333 0.019444444444444445
1 0.42942708333333335 0.4703703703703704 0.010416666666666666 0.013888888888888888
2 0.448046875 0.19305555555555556 0.06276041666666667 0.05648148148148148
2 0.7364583333333333 0.6865740740740741 0.08385416666666666 0.16111111111111112
1 0.47044270833333335 0.41898148148148145 0.018489583333333334 0.019444444444444445
1 0.502734375 0.430787037037037 0.009114583333333334 0.013425925925925926
1 0.6125 0.6273148148148148 0.025 0.02962962962962963
1 0.4766927083333333 0.4877314814814815 0.008072916666666667 0.020833333333333332
