1 0.33697916666666666 0.4083333333333333 0.0140625 0.012962962962962963
1 0.4036458333333333 0.46111111111111114 0.016145833333333335 0.014814814814814815
1 0.3885416666666667 0.4847222222222222 0.008854166666666666 0.018518518518518517
1 0.43138020833333335 0.46597222222222223 0.00703125 0.01712962962962963
2 0.44609375 0.19305555555555556 0.06197916666666667 0.05555555555555555
2 0.7365885416666667 0.6826388888888889 0.08307291666666666 0.1597222222222222
1 0.47044270833333335 0.41180555555555554 0.01171875 0.015277777777777777
1 0.5037760416666667 0.42314814814814816 0.009114583333333334 0.014814814814814815
1 0.6114583333333333 0.6199074074074075 0.020833333333333332 0.025
1 0.4796875 0.48217592592592595 0.0125 0.018055555555555554
