1 0.33229166666666665 0.40949074074074077 0.0125 0.014351851851851852
1 0.397265625 0.46597222222222223 0.01640625 0.014351851851851852
1 0.3875 0.4900462962962963 0.01875 0.020833333333333332
1 0.4295572916666667 0.47314814814814815 0.01484375 0.018518518518518517
2 0.4485677083333333 0.19375 0.06380208333333333 0.05694444444444444
2 0.7356770833333334 0.6856481481481481 0.08645833333333333 0.1638888888888889
1 0.46640625 0.42060185185185184 0.0140625 0.015277777777777777
1 0.50078125 0.4324074074074074 0.010416666666666666 0.014814814814814815
1 0.612109375 0.6273148148148148 0.02578125 0.027777777777777776
1 0.47760416666666666 0.487962962962963 0.014583333333333334 0.017592592592592594
