1 0.337109375 0.4050925925925926 0.015364583333333333 0.013888888888888888
1 0.40403645833333335 0.4585648148148148 0.016927083333333332 0.015277777777777777
1 0.39348958333333334 0.4849537037037037 0.015104166666666667 0.022685185185185187
1 0.43190104166666665 0.4618055555555556 0.00703125 0.015277777777777777
2 0.4466145833333333 0.19236111111111112 0.06041666666666667 0.056018518518518516
2 0.7364583333333333 0.6791666666666667 0.084375 0.16203703703703703
1 0.47213541666666664 0.4099537037037037 0.011979166666666667 0.015277777777777777
1 0.503515625 0.4212962962962963 0.009635416666666667 0.017592592592592594
1 0.611328125 0.617824074074074 0.023177083333333334 0.02638888888888889
1 0.480078125 0.4787037037037037 0.011197916666666667 0.021296296296296296
