2 0.6709635416666667 0.1912037037037037 0.062239583333333334 0.06111111111111111
2 0.9615885416666666 0.7837962962962963 0.07682291666666667 0.19166666666666668
1 0.8235677083333334 0.6694444444444444 0.018489583333333334 0.02962962962962963
1 0.6854166666666667 0.41805555555555557 0.011458333333333333 0.01574074074074074
1 0.7188802083333333 0.4354166666666667 0.009635416666666667 0.018055555555555554
1 0.6427083333333333 0.46550925925925923 0.010416666666666666 0.018055555555555554
1 0.6904947916666667 0.48912037037037037 0.011197916666666667 0.02175925925925926
1 0.6143229166666667 0.45555555555555555 0.018229166666666668 0.020370370370370372
1 0.6005208333333333 0.47685185185185186 0.011979166666666667 0.020370370370370372
1 0.5498697916666667 0.39143518518518516 0.020572916666666666 0.020833333333333332
