1 0.33567708333333335 0.4113425925925926 0.016666666666666666 0.013425925925925926
1 0.4016927083333333 0.46296296296296297 0.015885416666666666 0.014814814814814815
1 0.390234375 0.48865740740740743 0.015885416666666666 0.02175925925925926
1 0.43046875 0.46875 0.009895833333333333 0.01990740740740741
2 0.447265625 0.19305555555555556 0.062239583333333334 0.05555555555555555
2 0.7368489583333333 0.6849537037037037 0.08255208333333333 0.1587962962962963
1 0.4688802083333333 0.41574074074074074 0.013802083333333333 0.01574074074074074
1 0.5037760416666667 0.42662037037037037 0.009114583333333334 0.013425925925925926
1 0.6100260416666666 0.6226851851851852 0.02109375 0.025925925925925925
1 0.47734375 0.4837962962962963 0.007291666666666667 0.018518518518518517
