1 0.33177083333333335 0.4076388888888889 0.015625 0.013425925925925926
1 0.3958333333333333 0.4685185185185185 0.018229166666666668 0.017592592592592594
1 0.3848958333333333 0.49074074074074076 0.017708333333333333 0.018518518518518517
1 0.42877604166666666 0.4724537037037037 0.017447916666666667 0.016203703703703703
2 0.44947916666666665 0.1960648148148148 0.0640625 0.05694444444444444
2 0.7342447916666667 0.6858796296296297 0.08671875 0.16435185185185186
1 0.4635416666666667 0.42407407407407405 0.013541666666666667 0.01574074074074074
1 0.497265625 0.4337962962962963 0.01171875 0.014814814814814815
1 0.6102864583333333 0.6277777777777778 0.020052083333333335 0.028703703703703703
1 0.47578125 0.49166666666666664 0.01875 0.021296296296296296
