1 0.5157552083333333 0.4532407407407407 0.021614583333333333 0.019444444444444445
1 0.5725260416666667 0.5555555555555556 0.01953125 0.025925925925925925
1 0.5861979166666667 0.5303240740740741 0.019791666666666666 0.02175925925925926
1 0.6166666666666667 0.5453703703703704 0.009895833333333333 0.018518518518518517
1 0.80390625 0.8141203703703703 0.05416666666666667 0.05138888888888889
2 0.6799479166666667 0.21319444444444444 0.06197916666666667 0.060648148148148145
2 0.9524739583333334 0.9222222222222223 0.09505208333333333 0.15555555555555556
1 0.6725260416666666 0.4909722222222222 0.01796875 0.015277777777777777
1 0.7061197916666667 0.5083333333333333 0.012760416666666666 0.017592592592592594
1 0.669921875 0.5715277777777777 0.018489583333333334 0.02175925925925926
