1 0.52421875 0.45393518518518516 0.0203125 0.01898148148148148
1 0.5821614583333333 0.5611111111111111 0.02109375 0.026851851851851852
1 0.595703125 0.5354166666666667 0.020052083333333335 0.02175925925925926
1 0.6266927083333333 0.549074074074074 0.009635416666666667 0.021296296296296296
1 0.81484375 0.8182870370370371 0.03802083333333333 0.03287037037037037
2 0.684765625 0.21342592592592594 0.06171875 0.06111111111111111
2 0.96640625 0.9317129629629629 0.0671875 0.13657407407407407
1 0.6825520833333333 0.49537037037037035 0.018229166666666668 0.016666666666666666
1 0.7173177083333333 0.5143518518518518 0.01171875 0.01574074074074074
1 0.6807291666666667 0.5780092592592593 0.022916666666666665 0.020833333333333332
