1 0.5294270833333333 0.4462962962962963 0.021354166666666667 0.020370370370370372
1 0.584765625 0.5453703703703704 0.020052083333333335 0.025
1 0.5975260416666667 0.5206018518518518 0.019010416666666665 0.020833333333333332
1 0.6243489583333334 0.5349537037037037 0.015364583333333333 0.01898148148148148
1 0.804296875 0.7967592592592593 0.05286458333333333 0.04259259259259259
2 0.696875 0.21296296296296297 0.06145833333333333 0.062037037037037036
2 0.9483072916666667 0.9171296296296296 0.10338541666666666 0.16574074074074074
1 0.6825520833333333 0.4863425925925926 0.024479166666666666 0.02361111111111111
1 0.7158854166666667 0.5023148148148148 0.011979166666666667 0.01574074074074074
1 0.678515625 0.5631944444444444 0.01953125 0.02175925925925926
