1 0.651171875 0.399537037037037 0.019010416666666665 0.017592592592592594
1 0.7032552083333333 0.4740740740740741 0.017447916666666667 0.018518518518518517
1 0.85 0.7212962962962963 0.0359375 0.024074074074074074
2 0.8529947916666667 0.20787037037037037 0.05911458333333333 0.058333333333333334
2 0.9516927083333333 0.8849537037037037 0.09661458333333334 0.19490740740740742
1 0.6885416666666667 0.4930555555555556 0.0171875 0.023148148148148147
1 0.728515625 0.4914351851851852 0.009114583333333334 0.018055555555555554
1 0.774609375 0.517824074074074 0.01640625 0.02175925925925926
1 0.81953125 0.4710648148148148 0.011458333333333333 0.01990740740740741
1 0.7850260416666667 0.45231481481481484 0.016927083333333332 0.020370370370370372
