1 0.6625 0.4125 0.021875 0.019444444444444445
1 0.6587239583333333 0.5106481481481482 0.01328125 0.022222222222222223
2 0.975 0.2351851851851852 0.05 0.06759259259259259
1 0.6834635416666667 0.49953703703703706 0.020572916666666666 0.018518518518518517
1 0.7009114583333333 0.5201388888888889 0.009114583333333334 0.016203703703703703
1 0.7421875 0.5530092592592593 0.015625 0.01990740740740741
1 0.7802083333333333 0.4960648148148148 0.015625 0.015277777777777777
1 0.810546875 0.5196759259259259 0.01171875 0.018055555555555554
1 0.7108072916666667 0.768287037037037 0.029427083333333333 0.03564814814814815
2 0.7891927083333333 0.9391203703703703 0.19088541666666667 0.12175925925925926
