1 0.3342511013215859 0.6526759530791789 0.006057268722466961 0.006231671554252199
1 0.2630781938325991 0.6390212609970675 0.005781938325991189 0.004215542521994135
2 0.2790473568281938 0.657991202346041 0.03772026431718062 0.012463343108504398
2 0.1930066079295154 0.6303152492668622 0.037995594713656385 0.01722873900293255
2 0.33796806167400884 0.5541605571847508 0.03716960352422907 0.017412023460410556
1 0.370181718061674 0.5525109970674487 0.010187224669603524 0.008614369501466275
1 0.3908314977973568 0.5963159824046921 0.006332599118942731 0.005681818181818182
1 0.38849118942731276 0.5603005865102639 0.006057268722466961 0.004765395894428153
1 0.2082874449339207 0.6379215542521994 0.004680616740088106 0.0038489736070381232
2 0.3411343612334802 0.5700146627565983 0.03909691629955947 0.012463343108504398
